Printing New Fashion Solution:

Inbound Fashion Solution (V F T):
1	1	9	66766
1	2	9	40267
1	3	9	266051
2	4	8	96633
2	5	7	255391
2	6	7	131410
3	7	8	94103
3	8	8	34200
3	9	8	36613
3	10	8	71651


Outbound Fashion Solution(S F T):
1	1	10	22304
1	2	10	5089
1	3	10	75110
1	4	9	31424
1	5	8	10555
1	6	8	21641
1	7	9	28109
1	8	10	7170
1	9	10	5720
1	10	9	25252
2	1	10	15813
2	2	10	2388
2	3	10	6549
2	4	9	678
2	5	8	19593
2	6	9	37292
2	7	10	9524
2	8	9	15390
2	9	9	8741
2	10	9	11816
3	1	10	21759
3	2	10	6939
3	3	10	64604
3	4	9	16736
3	5	9	28923
3	6	8	35661
3	7	9	16098
3	8	9	2988
3	9	10	866
3	10	10	11353
4	1	10	5162
4	2	10	20289
4	3	10	46208
4	4	9	35454
4	5	9	93684
4	6	9	30472
4	7	9	28568
4	8	9	2758
4	9	9	629
4	10	10	18380
5	1	10	1728
5	2	10	5562
5	3	10	73580
5	4	9	12341
5	5	8	102636
5	6	9	6344
5	7	10	11804
5	8	9	5894
5	9	10	20657
5	10	10	4850


Warehouse Fashion Inventory (W F T):
1	0		0		0		0		0		66766		0	
2	0		0		0		0		0		40267		0	
3	0		0		0		0		0		266051		0	
4	0		0		0		0		96633		0		0	
5	0		0		0		255391		122607		0		0	
6	0		0		0		131410		74108		0		0	
7	0		0		0		0		94103		21328		0	
8	0		0		0		0		34200		7170		0	
9	0		0		0		0		36613		27243		0	
10	0		0		0		0		71651		34583		0	

Store Fashion Inventory (S F T):
Store1
1	0		0		0		0		0		0	
2	0		0		0		0		0		0	
3	0		0		0		0		0		0	
4	0		0		0		0		31424		0	
5	0		0		0		10555		10555		0	
6	0		0		0		21641		21641		0	
7	0		0		0		0		28109		0	
8	0		0		0		0		0		0	
9	0		0		0		0		0		0	
10	0		0		0		0		25252		0	
Store2
1	0		0		0		0		0		0	
2	0		0		0		0		0		0	
3	0		0		0		0		0		0	
4	0		0		0		0		678		0	
5	0		0		0		19593		19593		0	
6	0		0		0		0		37292		0	
7	0		0		0		0		0		0	
8	0		0		0		0		15390		0	
9	0		0		0		0		8741		0	
10	0		0		0		0		11816		0	
Store3
1	0		0		0		0		0		0	
2	0		0		0		0		0		0	
3	0		0		0		0		0		0	
4	0		0		0		0		16736		0	
5	0		0		0		0		28923		0	
6	0		0		0		35661		35661		0	
7	0		0		0		0		16098		0	
8	0		0		0		0		2988		0	
9	0		0		0		0		0		0	
10	0		0		0		0		0		0	
Store4
1	0		0		0		0		0		0	
2	0		0		0		0		0		0	
3	0		0		0		0		0		0	
4	0		0		0		0		35454		0	
5	0		0		0		0		93684		0	
6	0		0		0		0		30472		0	
7	0		0		0		0		28568		0	
8	0		0		0		0		2758		0	
9	0		0		0		0		629		0	
10	0		0		0		0		0		0	
Store5
1	0		0		0		0		0		0	
2	0		0		0		0		0		0	
3	0		0		0		0		0		0	
4	0		0		0		0		12341		0	
5	0		0		0		102636		102636		0	
6	0		0		0		0		6344		0	
7	0		0		0		0		0		0	
8	0		0		0		0		5894		0	
9	0		0		0		0		0		0	
10	0		0		0		0		0		0	


Fashion Shipments from Vendor to Warehouse (V T):
0	0	0	0	0	10.01453	
0	0	0	7.006992	2.834568	0	
0	0	0	0	11.77876	0	

Printing New Basic Solution:

Inbound Solution (V P T):
1	1	1	10149
1	1	2	5694
1	1	4	19831
1	1	5	7494
1	1	6	18384
1	2	1	94992
1	2	2	64859
1	2	4	101852
1	2	5	68972
1	2	6	98485
2	3	1	18430
2	3	2	3011
2	3	3	6608
2	3	4	16219
2	3	5	10799
2	3	6	28630
2	3	8	10798
2	4	1	24823
2	4	2	16689
2	4	3	2711
2	4	4	6963
2	4	5	9221
2	4	6	26929
2	4	8	9220
2	5	1	135774
2	5	2	25302
2	5	3	50960
2	5	4	78150
2	5	5	34790
2	5	6	73318
2	5	8	23192


Outbound Solution(S P T):
1	1	3	2956
1	1	7	7592
1	2	3	25440
1	2	7	49146
1	3	3	3344
1	3	7	13545
1	4	3	2618
1	4	7	13087
1	5	3	28643
1	5	7	32256
2	1	1	4306
2	1	4	7980
2	1	8	548
2	2	1	10600
2	2	4	57515
2	2	8	6
2	3	1	16861
2	3	4	7629
2	3	8	3
2	4	1	9297
2	4	4	6260
2	4	8	1
2	5	1	99541
2	5	4	4995
2	5	8	458
3	1	1	6339
3	1	3	759
3	1	4	6698
3	1	8	1434
3	2	1	26687
3	2	3	2482
3	2	4	54332
3	2	8	15306
3	3	1	3263
3	3	3	1794
3	3	4	9936
3	3	8	2461
3	4	1	1227
3	4	3	670
3	4	4	11473
3	4	8	13123
3	5	1	3283
3	5	3	3141
3	5	4	73294
3	5	8	1513
4	1	1	1132
4	1	5	10031
4	1	7	713
4	2	1	65818
4	2	5	47948
4	2	7	1762
4	3	1	5746
4	3	5	5160
4	3	7	1377
4	4	1	5124
4	4	5	5254
4	4	7	5481
4	5	1	48418
4	5	5	13261
4	5	7	25326
5	1	2	4824
5	1	6	1372
5	1	8	4868
5	2	2	31161
5	2	6	9037
5	2	8	31920
5	3	2	9863
5	3	6	4817
5	3	8	8696
5	4	2	7915
5	4	6	1134
5	4	8	13892
5	5	2	23496
5	5	6	57676
5	5	8	6185


Warehouse Inventory (W P T):
1	4473		2845		3715		0		5153		2616		19628		11323		4473		4473		4473	
2	12332		4219		37917		9995		0		21024		110472		59564		12332		12332		12332	
3	14292		6852		0		1470		124		5763		29576		14654		14292		14292		14292	
4	0		9175		17949		17372		6602		10569		36364		17796		0		0		0	
5	15468		0		1806		20982		20843		42372		58014		432		15468		15468		15468	

Store Inventory (S P T):
Store1
1	1517		1439		0		2546		2494		1080		51		6466		4775		2762		1517	
2	11574		4967		0		16950		14182		3561		2410		37733		35994		18774		11574	
3	10294		9569		8354		8917		8149		3911		0		12051		11610		10782		10294	
4	6018		5791		3384		4195		2106		199		0		12768		11136		7794		6018	
5	10568		1036		0		14639		14352		10077		6002		29406		18045		17774		10568	
Store2
1	0		3852		3036		1763		8689		7144		5389		3713		2341		1196		0	
2	0		3261		2425		721		53716		38933		37974		29335		21475		7227		0	
3	0		15550		13663		9543		13666		12592		9001		6722		6426		2439		0	
4	0		8653		8378		7108		10897		9914		8982		8057		4797		1161		0	
5	0		90210		76652		64828		63901		56180		44706		30723		18911		11501		0	
Store3
1	0		5756		3671		3069		7740		6693		5180		3309		3861		2030		0	
2	0		23212		8585		7069		50351		50260		46321		27251		23224		12810		0	
3	787		3793		396		0		9495		8358		5749		4623		2657		2143		787	
4	5139		2770		348		0		9520		6052		3878		443		11006		7482		5139	
5	8381		3017		0		184		64438		57162		48342		34870		23386		13865		8381	
Store4
1	2409		3341		1786		1437		0		8402		7165		6031		5353		4163		2409	
2	0		48767		41164		22235		7602		37476		33043		31421		16886		13679		0	
3	0		2262		1422		925		767		5641		5152		2216		722		611		0	
4	2838		5369		4473		933		0		3721		2462		7602		5807		4018		2838	
5	0		36404		32931		19695		8531		9254		5614		23171		13187		12698		0	
Store5
1	2608		1017		3878		3565		3200		1297		1791		0		4332		3358		2608	
2	1547		0		20802		10598		9549		7439		10732		5726		21515		17255		1547	
3	2597		0		9565		6905		3502		1540		5300		1032		7752		5525		2597	
4	6966		3733		8337		5116		4902		2766		957		0		11665		8883		6966	
5	9571		3111		20091		12438		7322		0		43635		29511		31285		21457		9571	


Shipments from Vendor to Warehouse (V T):
1.255752	0.7816253	0	1.895315	0.9194453	1.784119	0	0	0	0	
2.718014	0.9364047	0.7688646	1.460467	0.9795806	2.511512	0	0.8712667	0	0	

Shipments from Warehouse to Stores (S T):
1	3	0.81232
1	7	1.971515
1	8	0.77589
1	9	3.304921
1	10	3.443858
2	1	2.099297
2	4	1.372811
2	8	0.273166
2	9	3.263239
2	10	1.534517
3	1	0.7380513
3	3	0.1696053
3	4	2.169234
3	8	1.827309
3	9	1.647703
3	10	3.215019
4	1	1.316547
4	5	1.402664
4	7	0.5332153
4	9	4.395653
4	10	3.147421
5	2	1.302439
5	6	0.865584
5	8	2.565185
5	9	0.92168
5	10	3.448367


Required Putaway workers (Sol T):
15	7	4	12	7	13	21	20	20	0	

No of required pickers (T):
39	10	9	31	11	10	19	37	55	58	

No of part-time putaway workers (T):
1	0	0	0	0	0	7	6	6	0	

No of part-time pickers (T):
0	0	0	0	0	0	0	0	16	19	

Best Putaway Technology: 2400
Best Picking Technology: 1000

Required Fashion Putaway Hours:
0	0	0	0	0	0	161.1671	138.8333	155.4517	0	

Required Basic Putaway Hours:
118.4033	48.14791	25.11625	92.92292	54.69833	102.3942	0	18.00417	0	0	

Required Total Putaway Hours:
118.4033	48.14791	25.11625	92.92292	54.69833	102.3942	161.1671	156.8375	155.4517	0	

No of required fashion pick hours:
0	0	0	0	0	0	0	190.086	439.591	463.408	

No of required basic pick hours:
307.642	77.259	71.847	240.112	81.654	74.036	150.285	100.414	0	0	

No of required total pick hours:
307.642	77.259	71.847	240.112	81.654	74.036	150.285	290.5	439.591	463.408	

List of all the costs: 
WhBasicInvCost		7468.81
BasicInbCost		33643.54
WhFashionInvCost		13801.24
FashionInbCost		57164.55
PutawayCost		41465
StoreBasicInvCost		141034.4
StoreFashionInvCost		40988.15
OutboundCost		75090.19
PickingCost		134741
Total		545396.9
The start time is 12/17/2013 7:11:07 AM
The End time is 12/17/2013 7:11:11 AM
