WarehouseVolume:[
(1)	[100000000]
]
StoreVolume:[
(1)	[10000000]
(2)	[10000000]
(3)	[10000000]
(4)	[10000000]
(5)	[10000000]
]
StoreDemand:[
(1	1	1)	[78]
(1	1	2)	[1439]
(1	1	3)	[410]
(1	1	4)	[52]
(1	1	5)	[1414]
(1	1	6)	[1029]
(1	1	7)	[1177]
(1	1	8)	[1691]
(1	1	9)	[2013]
(1	1	10)	[1245]
(1	2	1)	[6607]
(1	2	2)	[4967]
(1	2	3)	[8490]
(1	2	4)	[2768]
(1	2	5)	[10621]
(1	2	6)	[1151]
(1	2	7)	[13823]
(1	2	8)	[1739]
(1	2	9)	[17220]
(1	2	10)	[7200]
(1	3	1)	[725]
(1	3	2)	[1215]
(1	3	3)	[2781]
(1	3	4)	[768]
(1	3	5)	[4238]
(1	3	6)	[3911]
(1	3	7)	[1494]
(1	3	8)	[441]
(1	3	9)	[828]
(1	3	10)	[488]
(1	4	1)	[227]
(1	4	2)	[2407]
(1	4	3)	[1807]
(1	4	4)	[2089]
(1	4	5)	[1907]
(1	4	6)	[199]
(1	4	7)	[319]
(1	4	8)	[1632]
(1	4	9)	[3342]
(1	4	10)	[1776]
(1	5	1)	[9532]
(1	5	2)	[1036]
(1	5	3)	[14004]
(1	5	4)	[287]
(1	5	5)	[4275]
(1	5	6)	[4075]
(1	5	7)	[8852]
(1	5	8)	[11361]
(1	5	9)	[271]
(1	5	10)	[7206]
(2	1	1)	[454]
(2	1	2)	[816]
(2	1	3)	[1273]
(2	1	4)	[1054]
(2	1	5)	[1545]
(2	1	6)	[1755]
(2	1	7)	[1676]
(2	1	8)	[1920]
(2	1	9)	[1145]
(2	1	10)	[1196]
(2	2	1)	[7339]
(2	2	2)	[836]
(2	2	3)	[1704]
(2	2	4)	[4520]
(2	2	5)	[14783]
(2	2	6)	[959]
(2	2	7)	[8639]
(2	2	8)	[7866]
(2	2	9)	[14248]
(2	2	10)	[7227]
(2	3	1)	[1311]
(2	3	2)	[1887]
(2	3	3)	[4120]
(2	3	4)	[3506]
(2	3	5)	[1074]
(2	3	6)	[3591]
(2	3	7)	[2279]
(2	3	8)	[299]
(2	3	9)	[3987]
(2	3	10)	[2439]
(2	4	1)	[644]
(2	4	2)	[275]
(2	4	3)	[1270]
(2	4	4)	[2471]
(2	4	5)	[983]
(2	4	6)	[932]
(2	4	7)	[925]
(2	4	8)	[3261]
(2	4	9)	[3636]
(2	4	10)	[1161]
(2	5	1)	[9331]
(2	5	2)	[13558]
(2	5	3)	[11824]
(2	5	4)	[5922]
(2	5	5)	[7721]
(2	5	6)	[11474]
(2	5	7)	[13983]
(2	5	8)	[12270]
(2	5	9)	[7410]
(2	5	10)	[11501]
(3	1	1)	[583]
(3	1	2)	[2085]
(3	1	3)	[1361]
(3	1	4)	[2027]
(3	1	5)	[1047]
(3	1	6)	[1513]
(3	1	7)	[1871]
(3	1	8)	[882]
(3	1	9)	[1831]
(3	1	10)	[2030]
(3	2	1)	[3475]
(3	2	2)	[14627]
(3	2	3)	[3998]
(3	2	4)	[11050]
(3	2	5)	[91]
(3	2	6)	[3939]
(3	2	7)	[19070]
(3	2	8)	[19333]
(3	2	9)	[10414]
(3	2	10)	[12810]
(3	3	1)	[257]
(3	3	2)	[3397]
(3	3	3)	[2190]
(3	3	4)	[441]
(3	3	5)	[1137]
(3	3	6)	[2609]
(3	3	7)	[1126]
(3	3	8)	[4427]
(3	3	9)	[514]
(3	3	10)	[1356]
(3	4	1)	[3596]
(3	4	2)	[2422]
(3	4	3)	[1018]
(3	4	4)	[1953]
(3	4	5)	[3468]
(3	4	6)	[2174]
(3	4	7)	[3435]
(3	4	8)	[2560]
(3	4	9)	[3524]
(3	4	10)	[2343]
(3	5	1)	[8647]
(3	5	2)	[3017]
(3	5	3)	[2957]
(3	5	4)	[9040]
(3	5	5)	[7276]
(3	5	6)	[8820]
(3	5	7)	[13472]
(3	5	8)	[12997]
(3	5	9)	[9521]
(3	5	10)	[5484]
(4	1	1)	[200]
(4	1	2)	[1555]
(4	1	3)	[349]
(4	1	4)	[1437]
(4	1	5)	[1629]
(4	1	6)	[1237]
(4	1	7)	[1847]
(4	1	8)	[678]
(4	1	9)	[1190]
(4	1	10)	[1754]
(4	2	1)	[17051]
(4	2	2)	[7603]
(4	2	3)	[18929]
(4	2	4)	[14633]
(4	2	5)	[18074]
(4	2	6)	[4433]
(4	2	7)	[3384]
(4	2	8)	[14535]
(4	2	9)	[3207]
(4	2	10)	[13679]
(4	3	1)	[3484]
(4	3	2)	[840]
(4	3	3)	[497]
(4	3	4)	[158]
(4	3	5)	[286]
(4	3	6)	[489]
(4	3	7)	[4313]
(4	3	8)	[1494]
(4	3	9)	[111]
(4	3	10)	[611]
(4	4	1)	[2593]
(4	4	2)	[896]
(4	4	3)	[3540]
(4	4	4)	[933]
(4	4	5)	[1533]
(4	4	6)	[1259]
(4	4	7)	[341]
(4	4	8)	[1795]
(4	4	9)	[1789]
(4	4	10)	[1180]
(4	5	1)	[12014]
(4	5	2)	[3473]
(4	5	3)	[13236]
(4	5	4)	[11164]
(4	5	5)	[12538]
(4	5	6)	[3640]
(4	5	7)	[7769]
(4	5	8)	[9984]
(4	5	9)	[489]
(4	5	10)	[12698]
(5	1	1)	[1591]
(5	1	2)	[1963]
(5	1	3)	[313]
(5	1	4)	[365]
(5	1	5)	[1903]
(5	1	6)	[878]
(5	1	7)	[1791]
(5	1	8)	[536]
(5	1	9)	[974]
(5	1	10)	[750]
(5	2	1)	[1547]
(5	2	2)	[10359]
(5	2	3)	[10204]
(5	2	4)	[1049]
(5	2	5)	[2110]
(5	2	6)	[5744]
(5	2	7)	[5006]
(5	2	8)	[16131]
(5	2	9)	[4260]
(5	2	10)	[15708]
(5	3	1)	[2597]
(5	3	2)	[298]
(5	3	3)	[2660]
(5	3	4)	[3403]
(5	3	5)	[1962]
(5	3	6)	[1057]
(5	3	7)	[4268]
(5	3	8)	[1976]
(5	3	9)	[2227]
(5	3	10)	[2928]
(5	4	1)	[3233]
(5	4	2)	[3311]
(5	4	3)	[3221]
(5	4	4)	[214]
(5	4	5)	[2136]
(5	4	6)	[2943]
(5	4	7)	[957]
(5	4	8)	[2227]
(5	4	9)	[2782]
(5	4	10)	[1917]
(5	5	1)	[6460]
(5	5	2)	[6516]
(5	5	3)	[7653]
(5	5	4)	[5116]
(5	5	5)	[7322]
(5	5	6)	[14041]
(5	5	7)	[14124]
(5	5	8)	[4411]
(5	5	9)	[9828]
(5	5	10)	[11886]
]
FixedCostVendorToWarehouse:[
(1	1)	[217.05]
(2	1)	[186.09]
]
FixedCostWarehouseToStore:[
(1	1)	[126.26]
(1	2)	[85.67]
(1	3)	[40.42]
(1	4)	[110.96]
(1	5)	[217.05]
]
Variable_FixedCostVendorToWarehouse:[
(1	1)	[802.19]
(2	1)	[727.61]
]
VariableCostVendorToWarehouse:[
(1	1)	[0.061]
(2	1)	[0.055]
]
Variable_FixedCostWarehouseToStore:[
(1	1)	[622.3]
(1	2)	[541.39]
(1	3)	[427.6]
(1	4)	[598.03]
(1	5)	[802.19]
]
VariableCostWarehouseToStore:[
(1	1)	[0.047]
(1	2)	[0.041]
(1	3)	[0.022]
(1	4)	[0.045]
(1	5)	[0.061]
]
ProductVolume:[
(1)	[0.99]
(2)	[0.77]
(3)	[0.28]
(4)	[0.39]
(5)	[0.15]
]
ProductWeight:[
(1)	[0.92]
(2)	[0.1]
(3)	[0.44]
(4)	[0.55]
(5)	[0.14]
]
MapVendorToProduct:[
(1	1)	[1]
(1	2)	[1]
(1	3)	[0]
(1	4)	[0]
(1	5)	[0]
(2	1)	[0]
(2	2)	[0]
(2	3)	[1]
(2	4)	[1]
(2	5)	[1]
]
LeadTimeWarehouseToStores:[
(1	1)	[0]
(1	2)	[0]
(1	3)	[0]
(1	4)	[0]
(1	5)	[0]
]
StoreDemandForFashionProducts:[
(1	1)	[22304]
(1	2)	[5089]
(1	3)	[75110]
(1	4)	[31424]
(1	5)	[10555]
(1	6)	[21641]
(1	7)	[28109]
(1	8)	[7170]
(1	9)	[5720]
(1	10)	[25252]
(2	1)	[15813]
(2	2)	[2388]
(2	3)	[6549]
(2	4)	[678]
(2	5)	[19593]
(2	6)	[37292]
(2	7)	[9524]
(2	8)	[15390]
(2	9)	[8741]
(2	10)	[11816]
(3	1)	[21759]
(3	2)	[6939]
(3	3)	[64604]
(3	4)	[16736]
(3	5)	[28923]
(3	6)	[35661]
(3	7)	[16098]
(3	8)	[2988]
(3	9)	[866]
(3	10)	[11353]
(4	1)	[5162]
(4	2)	[20289]
(4	3)	[46208]
(4	4)	[35454]
(4	5)	[93684]
(4	6)	[30472]
(4	7)	[28568]
(4	8)	[2758]
(4	9)	[629]
(4	10)	[18380]
(5	1)	[1728]
(5	2)	[5562]
(5	3)	[73580]
(5	4)	[12341]
(5	5)	[102636]
(5	6)	[6344]
(5	7)	[11804]
(5	8)	[5894]
(5	9)	[20657]
(5	10)	[4850]
]
FixedCostFashionVendorToWarehouse:[
(1	1)	[186.09]
(2	1)	[186.09]
(3	1)	[186.09]
]
Variable_FixedCostFashionVendorToWarehouse:[
(1	1)	[727.61]
(2	1)	[727.61]
(3	1)	[727.61]
]
VariableCostFashionVendorToWarehouse:[
(1	1)	[0.055]
(2	1)	[0.055]
(3	1)	[0.055]
]
FashionProductVolume:[
(1)	[0.75]
(2)	[0.17]
(3)	[0.54]
(4)	[0.15]
(5)	[0.7]
(6)	[0.37]
(7)	[0.58]
(8)	[0.83]
(9)	[0.08]
(10)	[0.93]
]
FashionProductWeight:[
(1)	[0.88]
(2)	[0.95]
(3)	[0.2]
(4)	[0.44]
(5)	[0.18]
(6)	[0.45]
(7)	[0.58]
(8)	[0.94]
(9)	[0.95]
(10)	[0.77]
]
MapFashionVendorToProduct:[
(1	1)	[1]
(1	2)	[1]
(1	3)	[1]
(1	4)	[0]
(1	5)	[0]
(1	6)	[0]
(1	7)	[0]
(1	8)	[0]
(1	9)	[0]
(1	10)	[0]
(2	1)	[0]
(2	2)	[0]
(2	3)	[0]
(2	4)	[1]
(2	5)	[1]
(2	6)	[1]
(2	7)	[0]
(2	8)	[0]
(2	9)	[0]
(2	10)	[0]
(3	1)	[0]
(3	2)	[0]
(3	3)	[0]
(3	4)	[0]
(3	5)	[0]
(3	6)	[0]
(3	7)	[1]
(3	8)	[1]
(3	9)	[1]
(3	10)	[1]
]
